Test Accuracy: 0.761224489796




Classification report:

             precision    recall  f1-score   support

          3       1.00      1.00      1.00         4
          4       0.00      0.00      0.00        48
          5       0.91      1.00      0.95       472
          6       0.68      1.00      0.81       642
          7       0.00      0.00      0.00       251
          8       0.00      0.00      0.00        52
          9       1.00      1.00      1.00         1

avg / total       0.59      0.76      0.66      1470



Confusion Matrix:


[[  4   0   0   0   0   0   0]
 [  0   0  48   0   0   0   0]
 [  0   0 472   0   0   0   0]
 [  0   0   0 642   0   0   0]
 [  0   0   0 251   0   0   0]
 [  0   0   0  52   0   0   0]
 [  0   0   0   0   0   0   1]]