
Test Accuracy: 0.995238095238




Classification report:
             precision    recall  f1-score   support

          3       0.86      0.55      0.67        11
          4       0.91      0.98      0.95        53
          5       1.00      1.00      1.00       440
          6       1.00      1.00      1.00       660
          7       1.00      1.00      1.00       256
          8       0.98      1.00      0.99        49
          9       0.00      0.00      0.00         1

avg / total       0.99      1.00      0.99      1470



Confusion Matrix:


[[  6   5   0   0   0   0   0]
 [  1  52   0   0   0   0   0]
 [  0   0 440   0   0   0   0]
 [  0   0   0 660   0   0   0]
 [  0   0   0   0 256   0   0]
 [  0   0   0   0   0  49   0]
 [  0   0   0   0   0   1   0]]