KNN Results (k = 2)
Test Accuracy: 0.545578231293


Classification report:
             precision    recall  f1-score   support

          3       0.00      0.00      0.00         6
          4       0.32      0.36      0.34        53
          5       0.49      0.73      0.59       413
          6       0.60      0.56      0.58       671
          7       0.62      0.37      0.47       269
          8       0.77      0.18      0.29        57
          9       0.00      0.00      0.00         1

avg / total       0.57      0.55      0.54      1470


Confusion Matrix:

[[  0   4   2   0   0   0   0]
 [  1  19  27   6   0   0   0]
 [  3  13 300  92   5   0   0]
 [  1  19 244 373  32   2   0]
 [  0   4  36 128 100   1   0]
 [  0   0   1  24  22  10   0]
 [  0   0   0   0   1   0   0]]