PCA EigenValues: [ 3.27655388  1.60692374]
PCA Reconstruction Error: 0.56550184727


ICA
Kurtosis [ 0.93087581 -0.81892538]
Covariance matrix
[[-0.00799331  0.00051429 -0.004656   -0.00075343 -0.00044939  0.00332332
   0.00256727 -0.00089304  0.00797255  0.00304718  0.00039998]
 [-0.00010918  0.00016669  0.00049164  0.00395347  0.00208359  0.00355287
   0.00440869  0.00475006  0.00035643  0.00099248 -0.00412754]]

Random Projection
Matrix 
[[ 0.47305149 -0.27381346 -0.18596785  1.36460302 -0.53020339  0.50415208
   1.58420391 -1.60316011 -1.35215828  1.89607918 -0.20980639]
 [ 0.12040307  1.11439866  0.16790749 -0.08381721 -0.2365039  -0.45913243
   0.12185206 -0.06931751 -0.6666212   0.47023981 -0.9021077 ]]
Reconstruction Error 0.832276139341
