
Student Dataset 4 classes
Test Accuracy: 0.7929936305732485




Classification report:


             precision    recall  f1-score   support

          1       0.69      0.75      0.72        12
          2       0.78      0.77      0.78        97
          3       0.81      0.83      0.82       163
          4       0.79      0.71      0.75        42

avg / total       0.79      0.79      0.79       314



Confusion Matrix:


[[  9   2   1   0]
 [  3  75  19   0]
 [  1  19 135   8]
 [  0   0  12  30]]

 Student Dataset 20 Classes
 
 Test Accuracy: 0.3057324840764331




Classification report:

             precision    recall  f1-score   support

          0       0.50      0.62      0.55        13
          1       0.00      0.00      0.00         1
          5       0.00      0.00      0.00         2
          6       0.00      0.00      0.00         3
          7       0.50      0.10      0.17        10
          8       0.43      0.30      0.35        20
          9       0.00      0.00      0.00        14
         10       0.37      0.47      0.41        47
         11       0.31      0.40      0.35        42
         12       0.57      0.30      0.39        43
         13       0.33      0.40      0.36        30
         14       0.05      0.04      0.05        24
         15       0.31      0.35      0.33        26
         16       0.10      0.15      0.12        13
         17       0.33      0.17      0.22        12
         18       0.30      0.25      0.27        12
         19       0.00      0.00      0.00         2
         20       0.00      0.00      0.00         0

avg / total       0.33      0.31      0.30       314



Confusion Matrix:


[[ 8  0  0  0  0  0  1  4  0  0  0  0  0  0  0  0  0  0]
 [ 0  0  0  0  0  0  0  1  0  0  0  0  0  0  0  0  0  0]
 [ 1  0  0  0  0  1  0  0  0  0  0  0  0  0  0  0  0  0]
 [ 0  0  0  0  0  2  0  1  0  0  0  0  0  0  0  0  0  0]
 [ 2  0  0  1  1  2  2  2  0  0  0  0  0  0  0  0  0  0]
 [ 3  0  0  0  0  6  3  7  1  0  0  0  0  0  0  0  0  0]
 [ 2  0  0  0  0  2  0  7  3  0  0  0  0  0  0  0  0  0]
 [ 0  0  0  0  1  1  9 22 12  1  0  1  0  0  0  0  0  0]
 [ 0  0  0  0  0  0  5 13 17  5  1  1  0  0  0  0  0  0]
 [ 0  0  0  0  0  0  0  3 17 13  7  2  0  1  0  0  0  0]
 [ 0  0  0  0  0  0  0  0  3  3 12  7  3  2  0  0  0  0]
 [ 0  0  0  0  0  0  0  0  1  1 12  1  7  2  0  0  0  0]
 [ 0  0  0  0  0  0  0  0  0  0  3  5  9  6  1  1  1  0]
 [ 0  0  0  0  0  0  0  0  0  0  1  1  6  2  1  2  0  0]
 [ 0  0  0  0  0  0  0  0  0  0  0  0  3  4  2  2  0  1]
 [ 0  0  0  0  0  0  0  0  0  0  0  2  1  3  2  3  1  0]
 [ 0  0  0  0  0  0  0  0  0  0  0  0  0  0  0  2  0  0]
 [ 0  0  0  0  0  0  0  0  0  0  0  0  0  0  0  0  0  0]]

