
Student Dataset 4 Classes
Test Accuracy: 0.7356687898089171




Classification report:

             precision    recall  f1-score   support

          1       0.00      0.00      0.00        16
          2       0.71      0.92      0.80       100
          3       0.93      0.64      0.76       163
          4       0.49      1.00      0.65        35

avg / total       0.76      0.74      0.72       314



Confusion Matrix:


[[  0  16   0   0]
 [  0  92   8   0]
 [  0  22 104  37]
 [  0   0   0  35]]

Student Datset 20 Classes
Test Accuracy: 0.3471337579617834




Classification report:

  'precision', 'predicted', average, warn_for)
             precision    recall  f1-score   support

          0       0.00      0.00      0.00        13
          1       0.00      0.00      0.00         1
          5       0.00      0.00      0.00         3
          6       0.00      0.00      0.00         6
          7       0.00      0.00      0.00         5
          8       0.18      1.00      0.30        15
          9       0.00      0.00      0.00        17
         10       0.00      0.00      0.00        50
         11       0.43      0.76      0.55        38
         12       0.00      0.00      0.00        36
         13       0.41      0.94      0.57        34
         14       0.00      0.00      0.00        25
         15       0.39      1.00      0.56        33
         16       0.00      0.00      0.00        19
         17       0.00      0.00      0.00         9
         18       0.00      0.00      0.00         9
         19       0.00      0.00      0.00         1

avg / total       0.15      0.35      0.20       314



Confusion Matrix:


[[ 0  0  0  0  0 13  0  0  0  0  0  0  0  0  0  0  0]
 [ 0  0  0  0  0  0  0  0  1  0  0  0  0  0  0  0  0]
 [ 0  0  0  0  0  3  0  0  0  0  0  0  0  0  0  0  0]
 [ 0  0  0  0  0  6  0  0  0  0  0  0  0  0  0  0  0]
 [ 0  0  0  0  0  5  0  0  0  0  0  0  0  0  0  0  0]
 [ 0  0  0  0  0 15  0  0  0  0  0  0  0  0  0  0  0]
 [ 0  0  0  0  0 12  0  0  4  0  1  0  0  0  0  0  0]
 [ 0  0  0  0  0 25  0  0 25  0  0  0  0  0  0  0  0]
 [ 0  0  0  0  0  5  0  0 29  0  4  0  0  0  0  0  0]
 [ 0  0  0  0  0  0  0  0  9  0 27  0  0  0  0  0  0]
 [ 0  0  0  0  0  0  0  0  0  0 32  0  2  0  0  0  0]
 [ 0  0  0  0  0  0  0  0  0  0 14  0 11  0  0  0  0]
 [ 0  0  0  0  0  0  0  0  0  0  0  0 33  0  0  0  0]
 [ 0  0  0  0  0  0  0  0  0  0  0  0 19  0  0  0  0]
 [ 0  0  0  0  0  0  0  0  0  0  0  0  9  0  0  0  0]
 [ 0  0  0  0  0  0  0  0  0  0  0  0  9  0  0  0  0]
 [ 0  0  0  0  0  0  0  0  0  0  0  0  1  0  0  0  0]]



