4 Classes for final score
 
Test Accuracy: 0.8439490445859873




Classification report:


             precision    recall  f1-score   support

          1       1.00      0.37      0.54        19
          2       0.73      0.99      0.84        95
          3       0.91      0.85      0.88       158
          4       0.97      0.69      0.81        42

avg / total       0.87      0.84      0.84       314



Confusion Matrix:


[[  7  12   0   0]
 [  0  94   1   0]
 [  0  22 135   1]
 [  0   0  13  29]]


20 Classes for Final Score
Test Accuracy: 0.4299363057324841




Classification report:



  'precision', 'predicted', average, warn_for)
             precision    recall  f1-score   support

          0       0.78      0.54      0.64        13
          5       0.00      0.00      0.00         2
          6       0.38      1.00      0.55         3
          7       0.00      0.00      0.00        10
          8       0.25      0.38      0.30        16
          9       0.00      0.00      0.00        11
         10       0.52      0.67      0.58        48
         11       0.49      0.49      0.49        47
         12       0.33      0.24      0.28        33
         13       0.37      0.31      0.34        45
         14       0.30      0.71      0.42        24
         15       0.58      0.45      0.51        31
         16       0.50      0.25      0.33        12
         17       0.57      0.40      0.47        10
         18       0.50      0.50      0.50         6
         19       0.50      0.50      0.50         2
         20       0.00      0.00      0.00         1

avg / total       0.42      0.43      0.41       314



Confusion Matrix:


[[ 7  0  0  0  4  0  2  0  0  0  0  0  0  0  0  0  0]
 [ 0  0  1  0  1  0  0  0  0  0  0  0  0  0  0  0  0]
 [ 0  0  3  0  0  0  0  0  0  0  0  0  0  0  0  0  0]
 [ 0  0  2  0  7  0  1  0  0  0  0  0  0  0  0  0  0]
 [ 2  0  1  0  6  0  7  0  0  0  0  0  0  0  0  0  0]
 [ 0  0  1  0  3  0  7  0  0  0  0  0  0  0  0  0  0]
 [ 0  0  0  0  3  0 32 11  1  1  0  0  0  0  0  0  0]
 [ 0  0  0  0  0  0 13 23  9  2  0  0  0  0  0  0  0]
 [ 0  0  0  0  0  0  0  8  8 13  4  0  0  0  0  0  0]
 [ 0  0  0  0  0  0  0  5  6 14 20  0  0  0  0  0  0]
 [ 0  0  0  0  0  0  0  0  0  6 17  1  0  0  0  0  0]
 [ 0  0  0  0  0  0  0  0  0  2 15 14  0  0  0  0  0]
 [ 0  0  0  0  0  0  0  0  0  0  1  8  3  0  0  0  0]
 [ 0  0  0  0  0  0  0  0  0  0  0  1  3  4  2  0  0]
 [ 0  0  0  0  0  0  0  0  0  0  0  0  0  3  3  0  0]
 [ 0  0  0  0  0  0  0  0  0  0  0  0  0  0  1  1  0]
 [ 0  0  0  0  0  0  0  0  0  0  0  0  0  0  0  1  0]]


