Student Dataset 4 Classes
Test Accuracy: 0.7993630573248408




Classification report:


             precision    recall  f1-score   support

          1       0.71      0.77      0.74        13
          2       0.80      0.76      0.78       103
          3       0.79      0.87      0.83       163
          4       0.91      0.60      0.72        35

avg / total       0.80      0.80      0.80       314



Confusion Matrix:


[[ 10   2   1   0]
 [  2  78  23   0]
 [  2  17 142   2]
 [  0   0  14  21]]

Student Dataset 20 Classes

Test Accuracy: 0.305732484076




Classification report:

             precision    recall  f1-score   support

          0       0.67      0.77      0.71        13
          5       0.00      0.00      0.00         3
          6       0.00      0.00      0.00         7
          7       0.00      0.00      0.00         5
          8       0.25      0.32      0.28        19
          9       0.00      0.00      0.00        11
         10       0.42      0.32      0.37        65
         11       0.28      0.43      0.34        44
         12       0.17      0.13      0.15        30
         13       0.32      0.29      0.31        34
         14       0.23      0.42      0.30        19
         15       0.34      0.43      0.38        23
         16       0.27      0.21      0.24        14
         17       0.20      0.08      0.11        13
         18       0.80      0.33      0.47        12
         19       0.00      0.00      0.00         2

avg / total       0.31      0.31      0.30       314



Confusion Matrix:


[[10  0  0  0  0  1  2  0  0  0  0  0  0  0  0  0]
 [ 0  0  0  0  3  0  0  0  0  0  0  0  0  0  0  0]
 [ 0  0  0  3  3  1  0  0  0  0  0  0  0  0  0  0]
 [ 1  0  0  0  3  0  1  0  0  0  0  0  0  0  0  0]
 [ 1  0  1  0  6  3  7  1  0  0  0  0  0  0  0  0]
 [ 0  0  0  0  3  0  6  1  1  0  0  0  0  0  0  0]
 [ 2  0  0  1  4  6 21 26  3  2  0  0  0  0  0  0]
 [ 1  0  0  0  2  1 10 19  6  5  0  0  0  0  0  0]
 [ 0  0  0  0  0  1  2 11  4  9  2  1  0  0  0  0]
 [ 0  0  0  0  0  0  1  6  9 10  6  2  0  0  0  0]
 [ 0  0  0  0  0  0  0  3  1  3  8  4  0  0  0  0]
 [ 0  0  0  0  0  0  0  0  0  1 12 10  0  0  0  0]
 [ 0  0  0  0  0  0  0  0  0  0  4  5  3  1  1  0]
 [ 0  0  0  0  0  0  0  0  0  0  3  3  6  1  0  0]
 [ 0  0  0  0  0  0  0  0  0  1  0  3  1  3  4  0]
 [ 0  0  0  0  0  0  0  0  0  0  0  1  1  0  0  0]]
