

Student Dataset with 4 classes

SVM with Sigmoid Kernel
Test Accuracy: 0.7904761904761904




Classification report:

             precision    recall  f1-score   support

          1       0.00      0.00      0.00         7
          2       0.72      0.81      0.76        32
          3       0.82      0.95      0.88        56
          4       1.00      0.40      0.57        10

avg / total       0.75      0.79      0.75       105



Confusion Matrix:


[[ 0  7  0  0]
 [ 0 26  6  0]
 [ 0  3 53  0]
 [ 0  0  6  4]]


SVM  Polynomial Kernel (degree = 3)
Test Accuracy: 0.6952380952380952




Classification report:


             precision    recall  f1-score   support

          1       0.33      0.25      0.29         4
          2       0.83      0.50      0.62        38
          3       0.67      0.93      0.78        55
          4       0.67      0.25      0.36         8

avg / total       0.71      0.70      0.67       105



Confusion Matrix:


[[ 1  2  1  0]
 [ 1 19 18  0]
 [ 1  2 51  1]
 [ 0  0  6  2]]


SVM Radial Basis Function Kernel
Test Accuracy: 0.8380952380952381




Classification report:


  'precision', 'predicted', average, warn_for)
             precision    recall  f1-score   support

          1       0.00      0.00      0.00         6
          2       0.75      0.94      0.83        32
          3       0.88      0.93      0.91        57
          4       1.00      0.50      0.67        10

avg / total       0.80      0.84      0.81       105



Confusion Matrix:


[[ 0  6  0  0]
 [ 0 30  2  0]
 [ 0  4 53  0]
 [ 0  0  5  5]]


Student Dataset 20 Classes

SVM - Polynomial Kernel (Degree = 3)
Test Accuracy: 0.15605095541401273




Classification report:
  'precision', 'predicted', average, warn_for)
             precision    recall  f1-score   support

          0       0.40      0.13      0.20        15
          1       0.00      0.00      0.00         1
          5       0.00      0.00      0.00         2
          6       0.00      0.00      0.00         7
          7       0.00      0.00      0.00         4
          8       0.00      0.00      0.00        24
          9       0.00      0.00      0.00        22
         10       0.18      0.67      0.29        39
         11       0.15      0.33      0.21        46
         12       0.20      0.03      0.05        33
         13       0.12      0.09      0.10        33
         14       0.00      0.00      0.00        29
         15       0.12      0.04      0.06        25
         16       0.00      0.00      0.00        15
         17       0.33      0.12      0.18         8
         18       0.00      0.00      0.00         8
         19       0.00      0.00      0.00         3

avg / total       0.12      0.16      0.10       314



Confusion Matrix:


[[ 2  0  1  0  0  0  1  9  2  0  0  0  0  0  0  0  0]
 [ 0  0  0  0  0  0  0  1  0  0  0  0  0  0  0  0  0]
 [ 0  0  0  0  0  0  0  1  1  0  0  0  0  0  0  0  0]
 [ 0  0  0  0  0  1  0  4  2  0  0  0  0  0  0  0  0]
 [ 0  0  0  0  0  0  0  4  0  0  0  0  0  0  0  0  0]
 [ 1  0  2  0  1  0  3 14  2  1  0  0  0  0  0  0  0]
 [ 1  0  0  0  1  1  0 16  2  1  0  0  0  0  0  0  0]
 [ 0  0  0  0  0  0  3 26 10  0  0  0  0  0  0  0  0]
 [ 1  0  0  0  0  2  0 25 15  0  2  0  1  0  0  0  0]
 [ 0  0  0  0  0  0  0 16 10  1  5  0  1  0  0  0  0]
 [ 0  0  0  0  0  0  0  5 23  2  3  0  0  0  0  0  0]
 [ 0  0  0  0  0  0  0 13 10  0  5  0  1  0  0  0  0]
 [ 0  0  0  0  0  0  0  5  7  0  7  4  1  1  0  0  0]
 [ 0  0  0  0  0  0  0  4  7  0  1  2  0  0  1  0  0]
 [ 0  0  0  0  0  0  0  0  5  0  1  0  1  0  1  0  0]
 [ 0  0  0  0  0  0  0  0  2  0  2  0  2  1  1  0  0]
 [ 0  0  0  0  0  0  0  0  0  0  0  0  1  1  0  1  0]]



SVM - Radial Basis Function Kernel
Test Accuracy: 0.19745222929936307




Classification report:


  'precision', 'predicted', average, warn_for)
             precision    recall  f1-score   support

          0       1.00      0.44      0.62        18
          5       0.00      0.00      0.00         2
          6       0.00      0.00      0.00         3
          7       0.00      0.00      0.00         6
          8       0.00      0.00      0.00        27
          9       0.00      0.00      0.00        22
         10       0.15      0.43      0.22        35
         11       0.22      0.51      0.30        47
         12       0.00      0.00      0.00        34
         13       0.16      0.17      0.16        41
         14       0.16      0.21      0.18        24
         15       0.17      0.14      0.15        22
         16       0.00      0.00      0.00        15
         17       0.00      0.00      0.00         6
         18       0.00      0.00      0.00        11
         20       0.00      0.00      0.00         1

avg / total       0.15      0.20      0.15       314



Confusion Matrix:


[[ 8  0  0  0  0  0 10  0  0  0  0  0  0  0  0  0]
 [ 0  0  0  0  0  0  1  1  0  0  0  0  0  0  0  0]
 [ 0  0  0  0  0  0  3  0  0  0  0  0  0  0  0  0]
 [ 0  0  0  0  0  0  5  1  0  0  0  0  0  0  0  0]
 [ 0  0  0  0  0  0 23  4  0  0  0  0  0  0  0  0]
 [ 0  0  0  0  0  0 14  8  0  0  0  0  0  0  0  0]
 [ 0  0  0  0  0  0 15 20  0  0  0  0  0  0  0  0]
 [ 0  0  0  0  0  0 18 24  0  4  1  0  0  0  0  0]
 [ 0  0  0  0  0  0  5 21  0  7  1  0  0  0  0  0]
 [ 0  0  0  0  0  0  4 22  0  7  6  2  0  0  0  0]
 [ 0  0  0  0  0  0  1  7  2  9  5  0  0  0  0  0]
 [ 0  0  0  0  0  0  0  3  0 10  6  3  0  0  0  0]
 [ 0  0  0  0  0  0  0  0  1  5  6  3  0  0  0  0]
 [ 0  0  0  0  0  0  0  0  0  1  2  3  0  0  0  0]
 [ 0  0  0  0  0  0  0  0  0  1  4  6  0  0  0  0]
 [ 0  0  0  0  0  0  0  0  0  0  0  1  0  0  0  0]]







